1	1	16	17	2	1	2	200000	0.3
2	2	17	18	3	1	2	200000	0.3
3	3	18	19	4	1	2	200000	0.3
4	4	19	20	5	1	2	200000	0.3
5	5	20	21	6	1	2	200000	0.3
6	6	21	22	7	1	2	200000	0.3
7	7	22	23	8	1	2	200000	0.3
8	8	23	24	9	1	2	200000	0.3
9	9	24	25	10	1	2	200000	0.3
10	10	25	26	11	1	2	200000	0.3
11	11	26	27	12	1	2	200000	0.3
12	12	27	28	13	1	2	200000	0.3
13	13	28	29	14	1	2	200000	0.3
14	14	29	30	15	1	2	200000	0.3
15	16	31	32	17	1	2	200000	0.3
16	17	32	33	18	1	2	200000	0.3
17	18	33	34	19	1	2	200000	0.3
18	19	34	35	20	1	2	200000	0.3
19	20	35	36	21	1	2	200000	0.3
20	21	36	37	22	1	2	200000	0.3
21	22	37	38	23	1	2	200000	0.3
22	23	38	39	24	1	2	200000	0.3
23	24	39	40	25	1	2	200000	0.3
24	25	40	41	26	1	2	200000	0.3
25	26	41	42	27	1	2	200000	0.3
26	27	42	43	28	1	2	200000	0.3
27	28	43	44	29	1	2	200000	0.3
28	29	44	45	30	1	2	200000	0.3
29	31	46	47	32	1	2	200000	0.3
30	32	47	48	33	1	2	200000	0.3
31	33	48	49	34	1	2	200000	0.3
32	34	49	50	35	1	2	200000	0.3
33	35	50	51	36	1	2	200000	0.3
34	36	51	52	37	1	2	200000	0.3
35	37	52	53	38	1	2	200000	0.3
36	38	53	54	39	1	2	200000	0.3
37	39	54	55	40	1	2	200000	0.3
38	40	55	56	41	1	2	200000	0.3
39	41	56	57	42	1	2	200000	0.3
40	42	57	58	43	1	2	200000	0.3
41	43	58	59	44	1	2	200000	0.3
42	44	59	60	45	1	2	200000	0.3
43	46	61	62	47	1	2	200000	0.3
44	47	62	63	48	1	2	200000	0.3
45	48	63	64	49	1	2	200000	0.3
46	49	64	65	50	1	2	200000	0.3
47	50	65	66	51	1	2	200000	0.3
48	51	66	67	52	1	2	200000	0.3
49	52	67	68	53	1	2	200000	0.3
50	53	68	69	54	1	2	200000	0.3
51	54	69	70	55	1	2	200000	0.3
52	55	70	71	56	1	2	200000	0.3
53	56	71	72	57	1	2	200000	0.3
54	57	72	73	58	1	2	200000	0.3
55	58	73	74	59	1	2	200000	0.3
56	59	74	75	60	1	2	200000	0.3
57	61	76	77	62	1	2	200000	0.3
58	62	77	78	63	1	2	200000	0.3
59	63	78	79	64	1	2	200000	0.3
60	64	79	80	65	1	2	200000	0.3
61	65	80	81	66	1	2	200000	0.3
62	66	81	82	67	1	2	200000	0.3
63	67	82	83	68	1	2	200000	0.3
64	68	83	84	69	1	2	200000	0.3
65	69	84	85	70	1	2	200000	0.3
66	70	85	86	71	1	2	200000	0.3
67	71	86	87	72	1	2	200000	0.3
68	72	87	88	73	1	2	200000	0.3
69	73	88	89	74	1	2	200000	0.3
70	74	89	90	75	1	2	200000	0.3
71	76	91	92	77	1	2	200000	0.3
72	77	92	93	78	1	2	200000	0.3
73	78	93	94	79	1	2	200000	0.3
74	79	94	95	80	1	2	200000	0.3
75	80	95	96	81	1	2	200000	0.3
76	85	97	98	86	1	2	200000	0.3
77	86	98	99	87	1	2	200000	0.3
78	87	99	100	88	1	2	200000	0.3
79	88	100	101	89	1	2	200000	0.3
80	89	101	102	90	1	2	200000	0.3
81	91	103	104	92	1	2	200000	0.3
82	92	104	105	93	1	2	200000	0.3
83	93	105	106	94	1	2	200000	0.3
84	94	106	107	95	1	2	200000	0.3
85	95	107	108	96	1	2	200000	0.3
86	97	109	110	98	1	2	200000	0.3
87	98	110	111	99	1	2	200000	0.3
88	99	111	112	100	1	2	200000	0.3
89	100	112	113	101	1	2	200000	0.3
90	101	113	114	102	1	2	200000	0.3
91	103	115	116	104	1	2	200000	0.3
92	104	116	117	105	1	2	200000	0.3
93	105	117	118	106	1	2	200000	0.3
94	106	118	119	107	1	2	200000	0.3
95	107	119	120	108	1	2	200000	0.3
96	109	121	122	110	1	2	200000	0.3
97	110	122	123	111	1	2	200000	0.3
98	111	123	124	112	1	2	200000	0.3
99	112	124	125	113	1	2	200000	0.3
100	113	125	126	114	1	2	200000	0.3
101	115	127	128	116	1	2	200000	0.3
102	116	128	129	117	1	2	200000	0.3
103	117	129	130	118	1	2	200000	0.3
104	118	130	131	119	1	2	200000	0.3
105	119	131	132	120	1	2	200000	0.3
106	121	136	137	122	1	2	200000	0.3
107	122	137	138	123	1	2	200000	0.3
108	123	138	139	124	1	2	200000	0.3
109	124	139	140	125	1	2	200000	0.3
110	125	140	141	126	1	2	200000	0.3
111	127	142	143	128	1	2	200000	0.3
112	128	143	144	129	1	2	200000	0.3
113	129	144	145	130	1	2	200000	0.3
114	130	145	146	131	1	2	200000	0.3
115	131	146	147	132	1	2	200000	0.3
116	132	147	148	133	1	2	200000	0.3
117	133	148	149	134	1	2	200000	0.3
118	134	149	150	135	1	2	200000	0.3
119	135	150	151	136	1	2	200000	0.3
120	136	151	152	137	1	2	200000	0.3
121	137	152	153	138	1	2	200000	0.3
122	138	153	154	139	1	2	200000	0.3
123	139	154	155	140	1	2	200000	0.3
124	140	155	156	141	1	2	200000	0.3
125	142	157	158	143	1	2	200000	0.3
126	143	158	159	144	1	2	200000	0.3
127	144	159	160	145	1	2	200000	0.3
128	145	160	161	146	1	2	200000	0.3
129	146	161	162	147	1	2	200000	0.3
130	147	162	163	148	1	2	200000	0.3
131	148	163	164	149	1	2	200000	0.3
132	149	164	165	150	1	2	200000	0.3
133	150	165	166	151	1	2	200000	0.3
134	151	166	167	152	1	2	200000	0.3
135	152	167	168	153	1	2	200000	0.3
136	153	168	169	154	1	2	200000	0.3
137	154	169	170	155	1	2	200000	0.3
138	155	170	171	156	1	2	200000	0.3
139	157	172	173	158	1	2	200000	0.3
140	158	173	174	159	1	2	200000	0.3
141	159	174	175	160	1	2	200000	0.3
142	160	175	176	161	1	2	200000	0.3
143	161	176	177	162	1	2	200000	0.3
144	162	177	178	163	1	2	200000	0.3
145	163	178	179	164	1	2	200000	0.3
146	164	179	180	165	1	2	200000	0.3
147	165	180	181	166	1	2	200000	0.3
148	166	181	182	167	1	2	200000	0.3
149	167	182	183	168	1	2	200000	0.3
150	168	183	184	169	1	2	200000	0.3
151	169	184	185	170	1	2	200000	0.3
152	170	185	186	171	1	2	200000	0.3
153	172	187	188	173	1	2	200000	0.3
154	173	188	189	174	1	2	200000	0.3
155	174	189	190	175	1	2	200000	0.3
156	175	190	191	176	1	2	200000	0.3
157	176	191	192	177	1	2	200000	0.3
158	177	192	193	178	1	2	200000	0.3
159	178	193	194	179	1	2	200000	0.3
160	179	194	195	180	1	2	200000	0.3
161	180	195	196	181	1	2	200000	0.3
162	181	196	197	182	1	2	200000	0.3
163	182	197	198	183	1	2	200000	0.3
164	183	198	199	184	1	2	200000	0.3
165	184	199	200	185	1	2	200000	0.3
166	185	200	201	186	1	2	200000	0.3
167	187	202	203	188	1	2	200000	0.3
168	188	203	204	189	1	2	200000	0.3
169	189	204	205	190	1	2	200000	0.3
170	190	205	206	191	1	2	200000	0.3
171	191	206	207	192	1	2	200000	0.3
172	192	207	208	193	1	2	200000	0.3
173	193	208	209	194	1	2	200000	0.3
174	194	209	210	195	1	2	200000	0.3
175	195	210	211	196	1	2	200000	0.3
176	196	211	212	197	1	2	200000	0.3
177	197	212	213	198	1	2	200000	0.3
178	198	213	214	199	1	2	200000	0.3
179	199	214	215	200	1	2	200000	0.3
180	200	215	216	201	1	2	200000	0.3
