1	0	0
2	0	0.083333
3	0	0.16667
4	0	0.25
5	0	0.3
6	0	0.35
7	0	0.4
8	0	0.45
9	0	0.475
10	0	0.5
11	0	0.525
12	0	0.55
13	0	0.6
14	0	0.65
15	0	0.7
16	0	0.75
17	0	0.83333
18	0	0.91667
19	0	1
20	0.083333	0
21	0.083333	0.083333
22	0.083333	0.16667
23	0.083333	0.25
24	0.083333	0.3
25	0.083333	0.35
26	0.083333	0.4
27	0.083333	0.45
28	0.083333	0.475
29	0.083333	0.5
30	0.083333	0.525
31	0.083333	0.55
32	0.083333	0.6
33	0.083333	0.65
34	0.083333	0.7
35	0.083333	0.75
36	0.083333	0.83333
37	0.083333	0.91667
38	0.083333	1
39	0.16667	0
40	0.16667	0.083333
41	0.16667	0.16667
42	0.16667	0.25
43	0.16667	0.3
44	0.16667	0.35
45	0.16667	0.4
46	0.16667	0.45
47	0.16667	0.475
48	0.16667	0.5
49	0.16667	0.525
50	0.16667	0.55
51	0.16667	0.6
52	0.16667	0.65
53	0.16667	0.7
54	0.16667	0.75
55	0.16667	0.83333
56	0.16667	0.91667
57	0.16667	1
58	0.25	0
59	0.25	0.083333
60	0.25	0.16667
61	0.25	0.25
62	0.25	0.3
63	0.25	0.35
64	0.25	0.4
65	0.25	0.45
66	0.25	0.475
67	0.25	0.5
68	0.25	0.525
69	0.25	0.55
70	0.25	0.6
71	0.25	0.65
72	0.25	0.7
73	0.25	0.75
74	0.25	0.83333
75	0.25	0.91667
76	0.25	1
77	0.3	0
78	0.3	0.083333
79	0.3	0.16667
80	0.3	0.25
81	0.3	0.3
82	0.3	0.35
83	0.3	0.4
84	0.3	0.45
85	0.3	0.475
86	0.3	0.5
87	0.3	0.525
88	0.3	0.55
89	0.3	0.6
90	0.3	0.65
91	0.3	0.7
92	0.3	0.75
93	0.3	0.83333
94	0.3	0.91667
95	0.3	1
96	0.35	0
97	0.35	0.083333
98	0.35	0.16667
99	0.35	0.25
100	0.35	0.3
101	0.35	0.35
102	0.35	0.4
103	0.35	0.45
104	0.35	0.475
105	0.35	0.5
106	0.35	0.525
107	0.35	0.55
108	0.35	0.6
109	0.35	0.65
110	0.35	0.7
111	0.35	0.75
112	0.35	0.83333
113	0.35	0.91667
114	0.35	1
115	0.4	0
116	0.4	0.083333
117	0.4	0.16667
118	0.4	0.25
119	0.4	0.3
120	0.4	0.35
121	0.4	0.4
122	0.4	0.45
123	0.4	0.475
124	0.4	0.5
125	0.4	0.525
126	0.4	0.55
127	0.4	0.6
128	0.4	0.65
129	0.4	0.7
130	0.4	0.75
131	0.4	0.83333
132	0.4	0.91667
133	0.4	1
134	0.45	0
135	0.45	0.083333
136	0.45	0.16667
137	0.45	0.25
138	0.45	0.3
139	0.45	0.35
140	0.45	0.4
141	0.45	0.45
142	0.45	0.475
143	0.45	0.5
144	0.45	0.525
145	0.45	0.55
146	0.45	0.6
147	0.45	0.65
148	0.45	0.7
149	0.45	0.75
150	0.45	0.83333
151	0.45	0.91667
152	0.45	1
153	0.475	0
154	0.475	0.083333
155	0.475	0.16667
156	0.475	0.25
157	0.475	0.3
158	0.475	0.35
159	0.475	0.4
160	0.475	0.45
161	0.475	0.55
162	0.475	0.6
163	0.475	0.65
164	0.475	0.7
165	0.475	0.75
166	0.475	0.83333
167	0.475	0.91667
168	0.475	1
169	0.5	0
170	0.5	0.083333
171	0.5	0.16667
172	0.5	0.25
173	0.5	0.3
174	0.5	0.35
175	0.5	0.4
176	0.5	0.45
177	0.5	0.55
178	0.5	0.6
179	0.5	0.65
180	0.5	0.7
181	0.5	0.75
182	0.5	0.83333
183	0.5	0.91667
184	0.5	1
185	0.525	0
186	0.525	0.083333
187	0.525	0.16667
188	0.525	0.25
189	0.525	0.3
190	0.525	0.35
191	0.525	0.4
192	0.525	0.45
193	0.525	0.55
194	0.525	0.6
195	0.525	0.65
196	0.525	0.7
197	0.525	0.75
198	0.525	0.83333
199	0.525	0.91667
200	0.525	1
201	0.55	0
202	0.55	0.083333
203	0.55	0.16667
204	0.55	0.25
205	0.55	0.3
206	0.55	0.35
207	0.55	0.4
208	0.55	0.45
209	0.55	0.475
210	0.55	0.5
211	0.55	0.525
212	0.55	0.55
213	0.55	0.6
214	0.55	0.65
215	0.55	0.7
216	0.55	0.75
217	0.55	0.83333
218	0.55	0.91667
219	0.55	1
220	0.6	0
221	0.6	0.083333
222	0.6	0.16667
223	0.6	0.25
224	0.6	0.3
225	0.6	0.35
226	0.6	0.4
227	0.6	0.45
228	0.6	0.475
229	0.6	0.5
230	0.6	0.525
231	0.6	0.55
232	0.6	0.6
233	0.6	0.65
234	0.6	0.7
235	0.6	0.75
236	0.6	0.83333
237	0.6	0.91667
238	0.6	1
239	0.65	0
240	0.65	0.083333
241	0.65	0.16667
242	0.65	0.25
243	0.65	0.3
244	0.65	0.35
245	0.65	0.4
246	0.65	0.45
247	0.65	0.475
248	0.65	0.5
249	0.65	0.525
250	0.65	0.55
251	0.65	0.6
252	0.65	0.65
253	0.65	0.7
254	0.65	0.75
255	0.65	0.83333
256	0.65	0.91667
257	0.65	1
258	0.7	0
259	0.7	0.083333
260	0.7	0.16667
261	0.7	0.25
262	0.7	0.3
263	0.7	0.35
264	0.7	0.4
265	0.7	0.45
266	0.7	0.475
267	0.7	0.5
268	0.7	0.525
269	0.7	0.55
270	0.7	0.6
271	0.7	0.65
272	0.7	0.7
273	0.7	0.75
274	0.7	0.83333
275	0.7	0.91667
276	0.7	1
277	0.75	0
278	0.75	0.083333
279	0.75	0.16667
280	0.75	0.25
281	0.75	0.3
282	0.75	0.35
283	0.75	0.4
284	0.75	0.45
285	0.75	0.475
286	0.75	0.5
287	0.75	0.525
288	0.75	0.55
289	0.75	0.6
290	0.75	0.65
291	0.75	0.7
292	0.75	0.75
293	0.75	0.83333
294	0.75	0.91667
295	0.75	1
296	0.83333	0
297	0.83333	0.083333
298	0.83333	0.16667
299	0.83333	0.25
300	0.83333	0.3
301	0.83333	0.35
302	0.83333	0.4
303	0.83333	0.45
304	0.83333	0.475
305	0.83333	0.5
306	0.83333	0.525
307	0.83333	0.55
308	0.83333	0.6
309	0.83333	0.65
310	0.83333	0.7
311	0.83333	0.75
312	0.83333	0.83333
313	0.83333	0.91667
314	0.83333	1
315	0.91667	0
316	0.91667	0.083333
317	0.91667	0.16667
318	0.91667	0.25
319	0.91667	0.3
320	0.91667	0.35
321	0.91667	0.4
322	0.91667	0.45
323	0.91667	0.475
324	0.91667	0.5
325	0.91667	0.525
326	0.91667	0.55
327	0.91667	0.6
328	0.91667	0.65
329	0.91667	0.7
330	0.91667	0.75
331	0.91667	0.83333
332	0.91667	0.91667
333	0.91667	1
334	1	0
335	1	0.083333
336	1	0.16667
337	1	0.25
338	1	0.3
339	1	0.35
340	1	0.4
341	1	0.45
342	1	0.475
343	1	0.5
344	1	0.525
345	1	0.55
346	1	0.6
347	1	0.65
348	1	0.7
349	1	0.75
350	1	0.83333
351	1	0.91667
352	1	1
