1	1	18	19	2	1	2	200000	0.3
2	2	19	20	3	1	2	200000	0.3
3	3	20	21	4	1	2	200000	0.3
4	4	21	22	5	1	2	200000	0.3
5	5	22	23	6	1	2	200000	0.3
6	6	23	24	7	1	2	200000	0.3
7	7	24	25	8	1	2	200000	0.3
8	8	25	26	9	1	2	200000	0.3
9	9	26	27	10	1	2	200000	0.3
10	10	27	28	11	1	2	200000	0.3
11	11	28	29	12	1	2	200000	0.3
12	12	29	30	13	1	2	200000	0.3
13	13	30	31	14	1	2	200000	0.3
14	14	31	32	15	1	2	200000	0.3
15	15	32	33	16	1	2	200000	0.3
16	16	33	34	17	1	2	200000	0.3
17	18	35	36	19	1	2	200000	0.3
18	19	36	37	20	1	2	200000	0.3
19	20	37	38	21	1	2	200000	0.3
20	21	38	39	22	1	2	200000	0.3
21	22	39	40	23	1	2	200000	0.3
22	23	40	41	24	1	2	200000	0.3
23	24	41	42	25	1	2	200000	0.3
24	25	42	43	26	1	2	200000	0.3
25	26	43	44	27	1	2	200000	0.3
26	27	44	45	28	1	2	200000	0.3
27	28	45	46	29	1	2	200000	0.3
28	29	46	47	30	1	2	200000	0.3
29	30	47	48	31	1	2	200000	0.3
30	31	48	49	32	1	2	200000	0.3
31	32	49	50	33	1	2	200000	0.3
32	33	50	51	34	1	2	200000	0.3
33	35	52	53	36	1	2	200000	0.3
34	36	53	54	37	1	2	200000	0.3
35	37	54	55	38	1	2	200000	0.3
36	38	55	56	39	1	2	200000	0.3
37	39	56	57	40	1	2	200000	0.3
38	40	57	58	41	1	2	200000	0.3
39	41	58	59	42	1	2	200000	0.3
40	42	59	60	43	1	2	200000	0.3
41	43	60	61	44	1	2	200000	0.3
42	44	61	62	45	1	2	200000	0.3
43	45	62	63	46	1	2	200000	0.3
44	46	63	64	47	1	2	200000	0.3
45	47	64	65	48	1	2	200000	0.3
46	48	65	66	49	1	2	200000	0.3
47	49	66	67	50	1	2	200000	0.3
48	50	67	68	51	1	2	200000	0.3
49	52	69	70	53	1	2	200000	0.3
50	53	70	71	54	1	2	200000	0.3
51	54	71	72	55	1	2	200000	0.3
52	55	72	73	56	1	2	200000	0.3
53	56	73	74	57	1	2	200000	0.3
54	57	74	75	58	1	2	200000	0.3
55	58	75	76	59	1	2	200000	0.3
56	59	76	77	60	1	2	200000	0.3
57	60	77	78	61	1	2	200000	0.3
58	61	78	79	62	1	2	200000	0.3
59	62	79	80	63	1	2	200000	0.3
60	63	80	81	64	1	2	200000	0.3
61	64	81	82	65	1	2	200000	0.3
62	65	82	83	66	1	2	200000	0.3
63	66	83	84	67	1	2	200000	0.3
64	67	84	85	68	1	2	200000	0.3
65	69	86	87	70	1	2	200000	0.3
66	70	87	88	71	1	2	200000	0.3
67	71	88	89	72	1	2	200000	0.3
68	72	89	90	73	1	2	200000	0.3
69	73	90	91	74	1	2	200000	0.3
70	74	91	92	75	1	2	200000	0.3
71	75	92	93	76	1	2	200000	0.3
72	76	93	94	77	1	2	200000	0.3
73	77	94	95	78	1	2	200000	0.3
74	78	95	96	79	1	2	200000	0.3
75	79	96	97	80	1	2	200000	0.3
76	80	97	98	81	1	2	200000	0.3
77	81	98	99	82	1	2	200000	0.3
78	82	99	100	83	1	2	200000	0.3
79	83	100	101	84	1	2	200000	0.3
80	84	101	102	85	1	2	200000	0.3
81	86	103	104	87	1	2	200000	0.3
82	87	104	105	88	1	2	200000	0.3
83	88	105	106	89	1	2	200000	0.3
84	89	106	107	90	1	2	200000	0.3
85	90	107	108	91	1	2	200000	0.3
86	91	108	109	92	1	2	200000	0.3
87	92	109	110	93	1	2	200000	0.3
88	93	110	111	94	1	2	200000	0.3
89	94	111	112	95	1	2	200000	0.3
90	95	112	113	96	1	2	200000	0.3
91	96	113	114	97	1	2	200000	0.3
92	97	114	115	98	1	2	200000	0.3
93	98	115	116	99	1	2	200000	0.3
94	99	116	117	100	1	2	200000	0.3
95	100	117	118	101	1	2	200000	0.3
96	101	118	119	102	1	2	200000	0.3
97	103	120	121	104	1	2	200000	0.3
98	104	121	122	105	1	2	200000	0.3
99	105	122	123	106	1	2	200000	0.3
100	106	123	124	107	1	2	200000	0.3
101	107	124	125	108	1	2	200000	0.3
102	108	125	126	109	1	2	200000	0.3
103	113	127	128	114	1	2	200000	0.3
104	114	128	129	115	1	2	200000	0.3
105	115	129	130	116	1	2	200000	0.3
106	116	130	131	117	1	2	200000	0.3
107	117	131	132	118	1	2	200000	0.3
108	118	132	133	119	1	2	200000	0.3
109	120	134	135	121	1	2	200000	0.3
110	121	135	136	122	1	2	200000	0.3
111	122	136	137	123	1	2	200000	0.3
112	123	137	138	124	1	2	200000	0.3
113	124	138	139	125	1	2	200000	0.3
114	125	139	140	126	1	2	200000	0.3
115	127	141	142	128	1	2	200000	0.3
116	128	142	143	129	1	2	200000	0.3
117	129	143	144	130	1	2	200000	0.3
118	130	144	145	131	1	2	200000	0.3
119	131	145	146	132	1	2	200000	0.3
120	132	146	147	133	1	2	200000	0.3
121	134	148	149	135	1	2	200000	0.3
122	135	149	150	136	1	2	200000	0.3
123	136	150	151	137	1	2	200000	0.3
124	137	151	152	138	1	2	200000	0.3
125	138	152	153	139	1	2	200000	0.3
126	139	153	154	140	1	2	200000	0.3
127	141	155	156	142	1	2	200000	0.3
128	142	156	157	143	1	2	200000	0.3
129	143	157	158	144	1	2	200000	0.3
130	144	158	159	145	1	2	200000	0.3
131	145	159	160	146	1	2	200000	0.3
132	146	160	161	147	1	2	200000	0.3
133	148	162	163	149	1	2	200000	0.3
134	149	163	164	150	1	2	200000	0.3
135	150	164	165	151	1	2	200000	0.3
136	151	165	166	152	1	2	200000	0.3
137	152	166	167	153	1	2	200000	0.3
138	153	167	168	154	1	2	200000	0.3
139	155	172	173	156	1	2	200000	0.3
140	156	173	174	157	1	2	200000	0.3
141	157	174	175	158	1	2	200000	0.3
142	158	175	176	159	1	2	200000	0.3
143	159	176	177	160	1	2	200000	0.3
144	160	177	178	161	1	2	200000	0.3
145	162	179	180	163	1	2	200000	0.3
146	163	180	181	164	1	2	200000	0.3
147	164	181	182	165	1	2	200000	0.3
148	165	182	183	166	1	2	200000	0.3
149	166	183	184	167	1	2	200000	0.3
150	167	184	185	168	1	2	200000	0.3
151	168	185	186	169	1	2	200000	0.3
152	169	186	187	170	1	2	200000	0.3
153	170	187	188	171	1	2	200000	0.3
154	171	188	189	172	1	2	200000	0.3
155	172	189	190	173	1	2	200000	0.3
156	173	190	191	174	1	2	200000	0.3
157	174	191	192	175	1	2	200000	0.3
158	175	192	193	176	1	2	200000	0.3
159	176	193	194	177	1	2	200000	0.3
160	177	194	195	178	1	2	200000	0.3
161	179	196	197	180	1	2	200000	0.3
162	180	197	198	181	1	2	200000	0.3
163	181	198	199	182	1	2	200000	0.3
164	182	199	200	183	1	2	200000	0.3
165	183	200	201	184	1	2	200000	0.3
166	184	201	202	185	1	2	200000	0.3
167	185	202	203	186	1	2	200000	0.3
168	186	203	204	187	1	2	200000	0.3
169	187	204	205	188	1	2	200000	0.3
170	188	205	206	189	1	2	200000	0.3
171	189	206	207	190	1	2	200000	0.3
172	190	207	208	191	1	2	200000	0.3
173	191	208	209	192	1	2	200000	0.3
174	192	209	210	193	1	2	200000	0.3
175	193	210	211	194	1	2	200000	0.3
176	194	211	212	195	1	2	200000	0.3
177	196	213	214	197	1	2	200000	0.3
178	197	214	215	198	1	2	200000	0.3
179	198	215	216	199	1	2	200000	0.3
180	199	216	217	200	1	2	200000	0.3
181	200	217	218	201	1	2	200000	0.3
182	201	218	219	202	1	2	200000	0.3
183	202	219	220	203	1	2	200000	0.3
184	203	220	221	204	1	2	200000	0.3
185	204	221	222	205	1	2	200000	0.3
186	205	222	223	206	1	2	200000	0.3
187	206	223	224	207	1	2	200000	0.3
188	207	224	225	208	1	2	200000	0.3
189	208	225	226	209	1	2	200000	0.3
190	209	226	227	210	1	2	200000	0.3
191	210	227	228	211	1	2	200000	0.3
192	211	228	229	212	1	2	200000	0.3
193	213	230	231	214	1	2	200000	0.3
194	214	231	232	215	1	2	200000	0.3
195	215	232	233	216	1	2	200000	0.3
196	216	233	234	217	1	2	200000	0.3
197	217	234	235	218	1	2	200000	0.3
198	218	235	236	219	1	2	200000	0.3
199	219	236	237	220	1	2	200000	0.3
200	220	237	238	221	1	2	200000	0.3
201	221	238	239	222	1	2	200000	0.3
202	222	239	240	223	1	2	200000	0.3
203	223	240	241	224	1	2	200000	0.3
204	224	241	242	225	1	2	200000	0.3
205	225	242	243	226	1	2	200000	0.3
206	226	243	244	227	1	2	200000	0.3
207	227	244	245	228	1	2	200000	0.3
208	228	245	246	229	1	2	200000	0.3
209	230	247	248	231	1	2	200000	0.3
210	231	248	249	232	1	2	200000	0.3
211	232	249	250	233	1	2	200000	0.3
212	233	250	251	234	1	2	200000	0.3
213	234	251	252	235	1	2	200000	0.3
214	235	252	253	236	1	2	200000	0.3
215	236	253	254	237	1	2	200000	0.3
216	237	254	255	238	1	2	200000	0.3
217	238	255	256	239	1	2	200000	0.3
218	239	256	257	240	1	2	200000	0.3
219	240	257	258	241	1	2	200000	0.3
220	241	258	259	242	1	2	200000	0.3
221	242	259	260	243	1	2	200000	0.3
222	243	260	261	244	1	2	200000	0.3
223	244	261	262	245	1	2	200000	0.3
224	245	262	263	246	1	2	200000	0.3
225	247	264	265	248	1	2	200000	0.3
226	248	265	266	249	1	2	200000	0.3
227	249	266	267	250	1	2	200000	0.3
228	250	267	268	251	1	2	200000	0.3
229	251	268	269	252	1	2	200000	0.3
230	252	269	270	253	1	2	200000	0.3
231	253	270	271	254	1	2	200000	0.3
232	254	271	272	255	1	2	200000	0.3
233	255	272	273	256	1	2	200000	0.3
234	256	273	274	257	1	2	200000	0.3
235	257	274	275	258	1	2	200000	0.3
236	258	275	276	259	1	2	200000	0.3
237	259	276	277	260	1	2	200000	0.3
238	260	277	278	261	1	2	200000	0.3
239	261	278	279	262	1	2	200000	0.3
240	262	279	280	263	1	2	200000	0.3
